58.7087021429	1170.31054506	0.0
27.6140175422	1121.95275697	0.0
13.5003500527	1099.99999818	0.0
13.6671591358	1100.26733217	0.0
13.8671351026	1100.55395326	0.0
14.0859060836	1100.81127748	0.0
14.32835966	1101.05615053	0.0
14.5882177913	1101.33154115	0.0
14.8334255773	1101.64513978	0.0
14.9977036064	1101.89684877	0.0
15.1609736034	1102.19421205	0.0
15.3385925848	1102.60693178	0.0
15.4565888012	1102.97900209	0.0
15.5440846029	1103.38671693	0.0
15.59628206	1103.88867006	0.0
15.5977688383	1104.25329408	0.0
15.5165253233	1104.95751772	0.0
15.5165253233	1105.31042299	0.0
15.3252754759	1105.6533185	0.0
15.1817045761	1106.00842103	0.0
14.9180660793	1106.51220521	0.0
14.6403484888	1106.92761049	0.0
14.1307201944	1107.51525697	0.0
13.8161583502	1107.80309877	0.0
13.5643625809	1108.00378236	0.0
13.0883808697	1108.32287416	0.0
12.6839294986	1108.54296693	0.0
12.2091646736	1108.75170717	0.0
11.9037933894	1108.86083803	0.0
11.590893801	1108.95336733	0.0
11.2782440731	1109.02721986	0.0
10.9294834679	1109.08959779	0.0
10.6102743691	1109.12853822	0.0
10.0888395852	1109.15746888	0.0
9.74545865844	1109.15490541	0.0
9.17532258696	1109.114256	0.0
8.80517679063	1109.06432924	0.0
8.13749890984	1108.92809877	0.0
7.43654399627	1108.72753725	0.0
6.75373225933	1108.4826642	0.0
6.38174777693	1108.32043276	0.0
5.83350282413	1108.04369936	0.0
5.14749007992	1107.65514955	0.0
4.71778779704	1107.37707338	0.0
4.38926606876	1107.13928041	0.0
4.15038924891	1106.95458802	0.0
3.90987687925	1106.75878725	0.0
3.28850703995	1106.21606264	0.0
2.83280139643	1105.7684308	0.0
2.53662591783	1105.46056947	0.0
1.98572140391	1104.85082826	0.0
1.70364730997	1104.5061017	0.0
1.46188073925	1104.18615541	0.0
1.08893674082	1103.63720521	0.0
0.874338920752	1103.28893861	0.0
0.346109088103	1102.34289369	0.0
0.0495996869286	1101.73669252	0.0
-0.207025054784	1101.1389142	0.0
-0.369627331791	1100.71899233	0.0
-0.514855984598	1100.31188783	0.0
-0.717360382783	1099.65612611	0.0
-0.824784820725	1099.23534975	0.0
-0.974872294755	1098.48803529	0.0
-0.974872294755	1097.958006	0.0
-1.13702792401	1097.31506166	0.0
-1.19345957594	1096.61913881	0.0
-1.21811682376	1096.18139467	0.0
-1.23791415023	1095.71935853	0.0
-1.25123149616	1095.14086732	0.0
-1.25123149616	1094.68188295	0.0
-1.14885050507	1093.53759584	0.0
-1.09211797098	1093.09911928	0.0
-0.965616885398	1092.41723451	0.0
-0.745262566837	1091.34301576	0.0
-0.673057263775	1091.0394269	0.0
-0.551057403325	1090.5764142	0.0
-0.347777192888	1089.90673647	0.0
-0.19459693617	1089.45910463	0.0
-0.0309938295395	1089.0196515	0.0
0.431902522279	1087.93969545	0.0
0.730029399332	1087.30578432	0.0
1.03647976625	1086.65087709	0.0
1.2300458501	1086.22680482	0.0
1.37714248354	1085.89562807	0.0
1.72670620302	1085.06396302	0.0
1.83647614322	1084.78454408	0.0
2.08001666737	1084.12255678	0.0
2.29899387981	1083.45483217	0.0
2.42786126788	1083.01537904	0.0
2.42786126788	1082.56371889	0.0
2.63686638506	1082.18810854	0.0
2.73181157798	1081.73742494	0.0
2.78875213448	1081.42931947	0.0
2.8927834573	1080.74609193	0.0
2.96746640926	1080.0463849	0.0
2.99744849891	1079.60912904	0.0
3.01864820207	1078.90405092	0.0
3.0166326125	1078.56420717	0.0
3.00222831516	1078.12304506	0.0
2.97425418586	1077.68188295	0.0
2.90229969838	1076.98852357	0.0
2.80356889515	1076.33813295	0.0
2.67343645921	1075.68676576	0.0
2.56978707953	1075.25793275	0.0
2.45416956593	1074.83849916	0.0
2.25406509236	1074.21154603	0.0
2.01621061133	1073.5764142	0.0
1.85064011306	1073.18481264	0.0
1.67482667783	1072.80309877	0.0
1.37714761082	1072.21960268	0.0
1.20789819543	1071.9168683	0.0
1.20789819543	1071.59448061	0.0
1.01607220992	1071.32592592	0.0
0.618037994311	1070.98779115	0.0
0.237539315538	1070.47094545	0.0
-0.0223341737292	1070.14758119	0.0
-0.428435508104	1069.683714	0.0
-0.867604439787	1069.23119936	0.0
-1.15950280876	1068.95519838	0.0
-1.39074260421	1068.7495099	0.0
-1.69568151626	1068.49438295	0.0
-2.18205494143	1068.12280092	0.0
-2.50119823596	1067.90038881	0.0
-2.95154947502	1067.61352357	0.0
-3.54822487052	1067.27880678	0.0
-4.0815371924	1067.01879701	0.0
-4.44511360483	1066.86120424	0.0
-4.80460304569	1066.72057924	0.0
-5.35619253479	1066.53222474	0.0
-5.91929144133	1066.3745099	0.0
-6.27609342808	1066.29321107	0.0
-6.83061260491	1066.19531068	0.0
-7.19002718275	1066.1500226	0.0
-7.55033106141	1066.1187726	0.0
-8.10634416802	1066.09875307	0.0
-8.66024870082	1066.11376772	0.0
-9.00685304787	1066.1401349	0.0
-10.0401763372	1066.29699525	0.0
-10.6048554825	1066.44091615	0.0
-10.9419173643	1066.54272279	0.0
-11.4857816155	1066.71960268	0.0
-11.7342271247	1066.92712221	0.0
-12.0775193619	1066.92712221	0.0
-12.4158677515	1067.04492006	0.0
-12.8618869231	1067.19079408	0.0
-13.4715337202	1067.36694154	0.0
-14.0167416988	1067.49523744	0.0
-14.3664750513	1067.5686017	0.0
-14.7235030584	1067.63464174	0.0
-15.6445273797	1067.74877748	0.0
-16.2104339043	1067.77563294	0.0
-16.7787284292	1067.78100404	0.0
-17.1394957953	1067.76806459	0.0
-17.6797866261	1067.71984681	0.0
-18.2240771689	1067.64196596	0.0
-18.5740928103	1067.57848939	0.0
-19.1083869377	1067.46020326	0.0
-19.4632872986	1067.364256	0.0
-19.8261260434	1067.24975404	0.0
-20.4424895693	1067.02099428	0.0
-20.8659896296	1066.8444806	0.0
-21.2310256417	1066.68041811	0.0
-21.8636702942	1066.3675519	0.0
-22.131914083	1066.22436342	0.0
-22.4099006112	1066.0640851	0.0
-22.6781367706	1065.89892396	0.0
-23.2732200064	1065.4949933	0.0
-23.6049785055	1065.24865541	0.0
-24.1105880177	1064.83984193	0.0
-24.4164046691	1064.57055482	0.0
-24.5855273649	1064.12048158	0.0
-24.8884887142	1064.12048158	0.0
-25.3194236197	1063.66711244	0.0
-25.6122779284	1063.32531557	0.0
-25.8643550316	1063.00866517	0.0
-26.4227790273	1062.2281476	0.0
-26.5970076962	1061.96288881	0.0
-26.7663840693	1061.69384584	0.0
-26.9830607815	1061.32946595	0.0
-27.1318206248	1061.06481752	0.0
-27.4819259096	1060.40429506	0.0
-27.6106357021	1059.8564435	0.0
-28.0187873296	1059.25781068	0.0
-28.1895579735	1058.85851869	0.0
-28.3576392587	1058.4715558	0.0
-28.624645179	1057.8876935	0.0
-28.8101310189	1057.49731264	0.0
-29.1027659816	1056.90820131	0.0
-29.3975753236	1056.36034974	0.0
-29.5500850127	1056.09521303	0.0
-29.7114066538	1055.8288556	0.0
-29.9297027038	1055.48925599	0.0
-30.1076850334	1055.2269269	0.0
-30.2824992585	1054.98058901	0.0
-30.7136382515	1054.41821107	0.0
-30.9661750236	1054.11364564	0.0
-31.2356204436	1053.8041974	0.0
-31.798686925	1053.18261537	0.0
-32.0837859552	1052.87304506	0.0
-32.3621367851	1052.57214174	0.0
-32.5059127248	1051.78710756	0.0
-33.0898017332	1051.78710756	0.0
-33.5220260061	1051.31884584	0.0
-33.9736403874	1050.83398256	0.0
-34.248790685	1050.54394349	0.0
-34.6977652955	1050.07909974	0.0
-35.2220382136	1049.56054506	0.0
-35.5225562499	1049.27966127	0.0
-36.0053328914	1048.85082826	0.0
-36.831527654	1048.1968976	0.0
-37.3524321958	1047.84435854	0.0
-37.7019652763	1047.62670717	0.0
-38.5357589165	1047.16259584	0.0
-39.0574111394	1046.91308412	0.0
-39.4593467162	1046.74194154	0.0
-39.7628631046	1046.62414369	0.0
-40.0566482	1046.51757631	0.0
-40.3703040527	1046.41210756	0.0
-40.7729186451	1046.28954896	0.0
-41.1853713438	1046.1824933	0.0
-41.8164672292	1046.0463849	0.0
-42.1244811472	1045.99084291	0.0
-42.4591063903	1045.93932924	0.0
-42.8826140816	1045.88842592	0.0
-43.5691451466	1045.83483705	0.0
-44.0162047785	1045.81139955	0.0
-44.4688567558	1045.79211244	0.0
-45.1998214167	1045.76574525	0.0
-45.6744155324	1045.75048646	0.0
-46.4081267762	1045.72826967	0.0
-47.1559981753	1045.70727358	0.0
-47.6582984367	1045.69299135	0.0
-48.4178389942	1045.67248353	0.0
-48.9193877617	1045.65832338	0.0
-49.6764678396	1045.62951479	0.0
-50.4572867792	1045.58556947	0.0
-50.9680556701	1045.54650697	0.0
-51.4569434565	1045.4982892	0.0
-52.3673133307	1045.38220033	0.0
-53.0773505611	1045.26611146	0.0
-53.8525924131	1045.11840639	0.0
-54.3731116694	1045.0126935	0.0
-55.1712378908	1044.85143861	0.0
-55.9454879215	1044.68713197	0.0
-56.449172918	1044.57116518	0.0
-56.9445037301	1044.44616517	0.0
-57.5796431936	1044.26830873	0.0
-58.0721969064	1044.1154767	0.0
-58.5358123219	1043.95849428	0.0
-59.7209319525	1043.50182924	0.0
-60.4301986134	1043.19042787	0.0
-61.1066131045	1042.86120424	0.0
-61.5498198917	1042.62914857	0.0
-61.9774588994	1042.3922101	0.0
-62.6471251902	1041.99804505	0.0
-63.2602538517	1041.60742006	0.0
-63.6868323729	1041.31359681	0.0
-64.1056518006	1041.00878725	0.0
-64.6742324272	1040.56298646	0.0
-65.0541686453	1040.24438295	0.0
-65.6042022154	1039.75292787	0.0
-65.963813727	1039.4069806	0.0
-66.3086699883	1039.04150209	0.0
-66.9129180358	1038.32812318	0.0
-67.1418227592	1038.03429994	0.0
-67.4317397529	1037.64196596	0.0
-67.631454413	1037.35546694	0.0
-67.9036864685	1036.9415265	0.0
-67.9036864685	1036.53906068	0.0
-68.2801970892	1036.32958803	0.0
-68.5263518735	1035.90258607	0.0
-68.8704528267	1035.25976381	0.0
-69.1809691828	1034.6166974	0.0
-69.3234557553	1034.29357729	0.0
-69.5434035708	1033.74389467	0.0
-69.745445197	1033.18041811	0.0
-69.8928527286	1032.72924623	0.0
-70.0849685119	1032.04492006	0.0
-70.1951293396	1031.58032045	0.0
-70.2913131171	1031.11535463	0.0
-70.4709624693	1029.97411928	0.0
-70.498077338	1028.82617006	0.0
-70.5767821716	1028.12292299	0.0
-70.5767821716	1027.668089	0.0
-70.534645026	1027.0698224	0.0
-70.5044860286	1026.74023256	0.0
-70.465209906	1026.3922101	0.0
-70.4015120901	1025.94067201	0.0
-70.3072509207	1025.39623842	0.0
-70.202743476	1024.86987123	0.0
-70.202743476	1024.05395326	0.0
-69.8883284983	1023.68493471	0.0
-69.6688842218	1023.04583558	0.0
-69.5118865421	1022.6399518	0.0
-69.2444915221	1022.03796205	0.0
-69.0530852718	1021.66381654	0.0
-68.8407363335	1021.28729067	0.0
-68.5043639576	1020.76379213	0.0
-68.5043639576	1020.4271222	0.0
-67.9489058896	1020.02129945	0.0
-67.6653670717	1019.68749818	0.0
-67.4089660084	1019.39507875	0.0
-66.9964446467	1018.92803773	0.0
-66.4922027034	1018.38903627	0.0
-65.835937445	1017.80187807	0.0
-65.3561553394	1017.43206606	0.0
-65.0264892031	1017.1970807	0.0
-64.6912764948	1016.97375306	0.0
-64.1690368095	1016.65600404	0.0
-63.6141814624	1016.35656557	0.0
-63.2633132381	1016.18743715	0.0
-62.8908080516	1016.02453432	0.0
-62.3239745554	1015.7996808	0.0
-61.6623763496	1015.54943666	0.0
-61.3220290595	1015.4199811	0.0
-60.7440337595	1015.19433412	0.0
-60.1551818295	1014.95049867	0.0
-59.7738265451	1014.78051576	0.0
-59.3952330998	1014.6022931	0.0
-58.8989409849	1014.36291322	0.0
-58.497409765	1014.16644105	0.0
-57.898139898	1013.87084779	0.0
-57.4608916694	1013.65344057	0.0
-56.7630729133	1013.30486879	0.0
-56.4224013723	1013.13421449	0.0
-55.999843543	1012.92236146	0.0
-55.3410987308	1012.59130677	0.0
-54.7006759099	1012.26666078	0.0
-54.265258735	1012.05053529	0.0
-53.6230163028	1011.74633607	0.0
-53.1750297003	1011.5463849	0.0
-52.7076034	1011.34747133	0.0
-52.0104903631	1011.06091127	0.0
-51.2755050118	1010.76293764	0.0
-50.8268622798	1010.58166322	0.0
-50.3245391296	1010.37896547	0.0
-49.3499259392	1009.98699769	0.0
-48.7169188905	1009.73296938	0.0
-48.3648452209	1009.59142885	0.0
-47.8661536631	1009.38964662	0.0
-47.0614661631	1009.06274232	0.0
-46.5631865895	1008.86053285	0.0
-45.5028418949	1008.42742738	0.0
-44.9514693661	1008.19518861	0.0
-44.1652793342	1007.86132631	0.0
-43.6403884338	1007.63860902	0.0
-43.1147765566	1007.4168683	0.0
-42.5929221563	1007.19293031	0.0
-42.3157157358	1007.07147035	0.0
-41.5452155517	1006.72106752	0.0
-41.1094626824	1006.51159486	0.0
-40.5124434886	1006.21258363	0.0
-39.8456839956	1005.87084779	0.0
-39.3248061586	1005.60351381	0.0
-38.834148353	1005.348631	0.0
-38.5578803469	1005.2026349	0.0
-38.0226897645	1004.91277895	0.0
-37.2953910272	1004.5005475	0.0
-36.8034514823	1004.20702944	0.0
-36.3310927791	1003.91052064	0.0
-35.5906295217	1003.42126283	0.0
-35.1192778997	1003.10430727	0.0
-34.8690490181	1002.93548402	0.0
-34.3993987495	1002.614256	0.0
-33.6818046016	1002.10668763	0.0
-33.3536452704	1001.86596498	0.0
-32.5056342523	1001.21172914	0.0
-32.1203345695	1000.89581117	0.0
-31.4597472586	1000.32067689	0.0
-31.0471648628	999.940183731	0.0
-30.720621053	999.634153455	0.0
-29.9933280396	998.940244765	0.0
-29.6856002267	998.636655896	0.0
-29.0768622792	998.012693495	0.0
-28.685838644	997.59820375	0.0
-28.285774177	997.170164197	0.0
-28.0523909978	996.919797989	0.0
-27.6719016475	996.511350721	0.0
-27.0635585231	995.858579726	0.0
-26.6619681774	995.429197401	0.0
-26.2340144559	994.966917129	0.0
-25.2826346811	993.896299454	0.0
-25.0799235755	993.65643129	0.0
-24.7098864969	993.205259415	0.0
-23.8102168484	992.061826798	0.0
-23.3661937157	991.460203262	0.0
-23.0281714852	990.979551404	0.0
-22.4445342477	990.106016247	0.0
-22.195432607	989.725217909	0.0
-21.8817939214	989.244138807	0.0
-21.7150306149	988.988035292	0.0
-21.3761081148	988.46740541	0.0
-20.7168368735	987.454099745	0.0
-19.9922427575	986.343809217	0.0
-19.8204383298	986.08685121	0.0
-19.4731845314	985.578611462	0.0
-18.9488067083	984.843504042	0.0
-18.5859069272	984.359617324	0.0
-18.0371703551	983.66662416	0.0
-17.649980489	983.206174941	0.0
-17.257080023	982.7561017	0.0
-16.7120685028	982.144285292	0.0
-16.2376021795	981.615293591	0.0
-15.5915059497	980.896116347	0.0
-15.1904267726	980.449705212	0.0
-14.5648555201	979.752866835	0.0
-13.9350127631	979.065305803	0.0
-13.4993218821	978.605589006	0.0
-12.8436908163	977.935545057	0.0
-12.4837798526	977.572385877	0.0
-12.1606482919	977.247251602	0.0
-11.8038806375	976.888670059	0.0
-11.0072278416	976.08849916	0.0
-10.552497809	975.631956192	0.0
-10.2065114424	975.28454408	0.0
-9.86729997973	974.944212048	0.0
-9.52762121469	974.602720352	0.0
-9.06835646002	974.140684217	0.0
-8.61965174018	973.695188609	0.0
-8.14038080367	973.22997865	0.0
-7.37258524162	972.513425919	0.0
-6.98547453131	972.166990372	0.0
-6.6418351584	971.869199843	0.0
-6.39458603109	971.65978822	0.0
-6.00238699111	971.336118788	0.0
-5.47976297647	970.921995257	0.0
-5.08781999728	970.624876115	0.0
-4.19023269892	969.973630994	0.0
-3.65725106496	969.596250625	0.0
-3.17843241018	969.258787244	0.0
-2.80074567132	968.993040175	0.0
-1.98329514812	968.4179059	0.0
-1.43856674974	968.03478822	0.0
-0.971953218046	967.706785294	0.0
-0.599457267497	967.445066543	0.0
0.398883994611	966.743406388	0.0
0.797380025906	966.462400526	0.0
1.35512703186	966.071897599	0.0
2.20152621908	965.49285707	0.0
2.65365009959	965.192686172	0.0
3.04838019115	964.937925429	0.0
4.19335084606	964.24194154	0.0
4.78701024712	963.906980605	0.0
5.23769050481	963.663572401	0.0
5.6785297945	963.434995741	0.0
6.26039415092	963.1477643	0.0
6.59044462082	962.991453263	0.0
7.8158703401	962.433469862	0.0
8.59347730369	962.085264296	0.0
8.59347730369	961.531858537	0.0
9.83021550806	961.531858537	0.0
10.3910694679	961.281553361	0.0
11.0251532143	960.999021621	0.0
12.0435419634	960.544553844	0.0
12.5336285179	960.324766252	0.0
13.2910957881	959.9871808	0.0
13.648938233	959.830930797	0.0
14.1404228769	959.621030897	0.0
14.7961617069	959.349302383	0.0
15.1271915981	959.216306778	0.0
16.412229594	958.730894176	0.0
17.389877375	958.39831361	0.0
17.7407055447	958.286741347	0.0
18.3800697866	958.093931289	0.0
19.0452042185	957.908811658	0.0
20.0562019902	957.65112123	0.0
20.7476845343	957.482664197	0.0
21.4444046561	957.314451311	0.0
21.7939777916	957.229978651	0.0
22.4619503561	957.068418593	0.0
23.5248394561	956.820859998	0.0
24.2525463647	956.662962048	0.0
24.9219914034	956.530149547	0.0
25.2877178743	956.46160707	0.0
25.9564323978	956.340452283	0.0
26.3103676402	956.277464004	0.0
26.8515358522	956.181272596	0.0
27.3819084719	956.086240861	0.0
29.1730671483	955.781675429	0.0
29.6791477763	955.702879041	0.0
30.6171951838	955.56066713	0.0
31.2492752617	955.466184707	0.0
32.2477455689	955.317319961	0.0
32.7128105707	955.24804506	0.0
33.4228706903	955.142576304	0.0
34.0198517386	955.053587049	0.0
35.2031632008	954.875852674	0.0
35.9684982848	954.762693496	0.0
36.6280441831	954.665525525	0.0
37.4034195491	954.549741836	0.0
37.7539215644	954.497068498	0.0
38.204658563	954.430173965	0.0
38.8152084906	954.340208145	0.0
39.4992180428	954.240598768	0.0
40.7036247812	954.065305802	0.0
41.4480019166	953.957029434	0.0
42.00360113	953.877317519	0.0
42.4384232122	953.814329238	0.0
43.0577850889	953.725156874	0.0
43.3642731266	953.68121156	0.0
44.023250634	953.585813616	0.0
44.7240448556	953.481687636	0.0
45.7141037529	953.332029433	0.0
46.0516319836	953.281065077	0.0
47.8000183663	953.012937636	0.0
48.3181686946	952.927122207	0.0
49.3490143361	952.768308729	0.0
50.1460190365	952.649717419	0.0
51.5084114628	952.444761365	0.0
52.0471573416	952.364255995	0.0
52.7288322996	952.261533828	0.0
53.0307922902	952.215635388	0.0
53.7161255422	952.108274552	0.0
54.5330582224	951.951780407	0.0
54.861137446	951.893247693	0.0
55.8105316704	951.729734513	0.0
56.3807869498	951.632566541	0.0
57.2362442572	951.486814591	0.0
57.802959497	951.39037904	0.0
58.2503967838	951.314573376	0.0
58.632743891	951.247800916	0.0
59.0064697816	951.184568496	0.0
59.8382759635	951.052000135	0.0
60.4468803957	950.962278456	0.0
60.7689667297	950.916990372	0.0
61.3795700631	950.866453265	0.0
61.8539124085	950.825742814	0.0
62.5620575501	950.783811661	0.0
63.1423950741	950.754880994	0.0
63.4923630304	950.741209121	0.0
64.1910324651	950.726804824	0.0
64.8953629101	950.718809216	0.0
65.3643723089	950.715147106	0.0
66.0785217831	950.707578752	0.0
66.5323715757	950.733579724	0.0
66.9924316956	950.797666643	0.0
67.7865753724	950.968626109	0.0
68.542800958	951.195798966	0.0
68.9779968814	951.329282849	0.0
69.3169785095	951.4380475	0.0
70.1088409975	951.698972794	0.0
70.4512482236	951.810545058	0.0
70.8161469058	951.928648082	0.0
71.1333542413	952.031614393	0.0
71.6091919492	952.185300915	0.0
72.3182221019	952.414487929	0.0
72.7769394476	952.564329239	0.0
73.2325058539	952.717283338	0.0
73.9220276434	952.957029431	0.0
74.5958557686	953.205076309	0.0
75.0435028632	953.377073378	0.0
75.4811020439	953.550047011	0.0
76.1459503734	953.823484508	0.0
76.5979233333	954.017942518	0.0
76.823547419	954.440366834	0.0
77.540824944	954.440366834	0.0
77.9300003597	954.648191545	0.0
78.2767716006	954.864622205	0.0
78.6468811588	955.128233048	0.0
79.1676331119	955.525388807	0.0
79.713470513	955.956785294	0.0
80.0596619205	956.240659804	0.0
80.4013290953	956.534605114	0.0
80.7562866752	956.859129041	0.0
81.4197083066	957.522703259	0.0
81.7530365545	957.87164125	0.0
82.2426987247	958.384458632	0.0
82.5803375796	958.734861463	0.0
82.9214478089	959.08672914	0.0
83.5996399483	959.794675917	0.0
83.9414520818	960.154295058	0.0
84.4707871033	960.708738418	0.0
84.8256531307	961.079954239	0.0
85.1808014477	961.451109021	0.0
85.7128143866	962.007993789	0.0
86.2518768859	962.564634413	0.0
86.5971985406	962.906919569	0.0
87.1712341849	963.450437635	0.0
87.4445343557	963.701719371	0.0
87.8142242978	964.038572401	0.0
88.1867752635	964.371946426	0.0
88.7402573171	964.85479555	0.0
89.4080811088	965.414426893	0.0
89.7017975395	965.652647108	0.0
90.1012878967	965.968992327	0.0
90.7324677054	966.449277971	0.0
91.3708344058	966.923826307	0.0
91.7966232853	967.239561171	0.0
93.2057419382	968.276792618	0.0
93.6422653745	968.598936171	0.0
94.3171692452	969.096983043	0.0
94.9844437187	969.589902969	0.0
95.3097076955	969.83019838	0.0
95.8778839657	970.249693006	0.0
96.4548492981	970.673460097	0.0
96.9244843079	971.017820452	0.0
97.3961029595	971.364744278	0.0
97.6489182071	971.551511856	0.0
98.1083221987	971.891843885	0.0
98.8260803779	972.422727679	0.0
99.3060913626	972.775327773	0.0
100.038147028	973.315855116	0.0
100.517227228	973.671934216	0.0
101.000358636	974.031370251	0.0
101.278961236	974.237852188	0.0
102.00799566	974.77825746	0.0
102.517112786	975.154234023	0.0
103.281227168	975.718443011	0.0
103.800865228	976.104429335	0.0
104.304138239	976.479795545	0.0
104.570396478	976.676267714	0.0
104.996337946	976.995664688	0.0
105.742332514	977.551023573	0.0
106.245300349	977.926511852	0.0
106.768188532	978.312376113	0.0
107.039550835	978.511900038	0.0
107.617599542	978.937254045	0.0
108.092109735	979.290586562	0.0
108.98127752	979.949339003	0.0
109.581024224	980.356687636	0.0
109.865173394	980.530393691	0.0
110.312454279	980.784483048	0.0
111.260643061	981.322630022	0.0
111.826660212	981.64831361	0.0
112.684181269	982.14648256	0.0
113.260589654	982.472288221	0.0
113.840751702	982.792417617	0.0
114.144012505	982.958128065	0.0
114.559349116	983.184446426	0.0
115.160919245	983.513914198	0.0
116.038589533	983.995725724	0.0
116.593460139	984.304990859	0.0
117.150741633	984.631773084	0.0
117.448204096	984.804075331	0.0
118.002700861	985.120115371	0.0
118.563125665	985.423338027	0.0
118.852256831	985.5698224	0.0
119.715858513	985.980466931	0.0
120.244689997	986.211057756	0.0
120.831970269	986.457883925	0.0
121.441741998	986.70568666	0.0
122.148170525	986.982725235	0.0
122.73619085	987.204465957	0.0
123.62706762	987.519407364	0.0
124.227348382	987.724668592	0.0
124.528060969	987.827146622	0.0
125.105087336	988.022947403	0.0
125.701835688	988.225645157	0.0
126.007095391	988.329710098	0.0
126.763839778	988.589597793	0.0
127.762878474	988.931150527	0.0
128.357467707	989.137693495	0.0
128.942260796	989.345457169	0.0
129.263732964	989.457761855	0.0
129.832183893	989.655393688	0.0
130.425125176	989.854002088	0.0
131.32341009	990.150755019	0.0
131.884582575	990.338132949	0.0
132.488983209	990.540769669	0.0
133.064971979	990.735593888	0.0
133.36611944	990.83923158	0.0
134.287490901	991.17370424	0.0
134.863723809	991.386594866	0.0
135.769226129	991.701047987	0.0
136.377014215	991.921995251	0.0
136.95784002	992.153196426	0.0
137.279312188	992.284544083	0.0
138.402847346	992.753843399	0.0
139.118866023	993.051450819	0.0
139.690277155	993.298338026	0.0
140.663635309	993.749998185	0.0
141.068725641	993.950925916	0.0
141.618637139	994.245847791	0.0
142.458679255	994.700254531	0.0
143.013259942	994.997800918	0.0
143.301651056	995.151487441	0.0
143.86424261	995.454893201	0.0
144.167053278	995.622984023	0.0
144.167053278	996.322019668	0.0
145.388092096	996.322019668	0.0
145.657089288	996.474058241	0.0
146.744842584	997.076658339	0.0
147.048858697	997.245054333	0.0
147.610687312	997.554990858	0.0
148.167892511	997.869566055	0.0
149.036377008	998.372068495	0.0
149.341262872	998.542966934	0.0
149.778549249	998.79113588	0.0
150.786193903	999.370969864	0.0
151.204177912	999.610471817	0.0
151.797775323	999.931821913	0.0
152.684753473	1000.40508851	0.0
153.280975397	1000.72289857	0.0
153.873886165	1001.04473695	0.0
154.186630304	1001.22308168	0.0
155.400726373	1001.94238099	0.0
155.688842829	1002.11614808	0.0
156.264267023	1002.46179018	0.0
156.601379449	1002.6621686	0.0
157.203887995	1003.01806459	0.0
157.684646661	1003.29955873	0.0
158.085449274	1003.5373517	0.0
158.672851618	1003.90295228	0.0
159.513641413	1004.45104799	0.0
159.978210505	1004.75903139	0.0
160.521148736	1005.12530336	0.0
160.906814631	1005.38805971	0.0
161.346893365	1005.69817933	0.0
161.879928644	1006.09441957	0.0
161.879928644	1006.48559389	0.0
162.373260553	1006.48559389	0.0
162.735015925	1006.78875551	0.0
163.542266902	1007.55187807	0.0
164.179885918	1008.22533998	0.0
164.393798883	1008.45776186	0.0
165.024795587	1009.15435609	0.0
165.45559698	1009.63903627	0.0
166.090637263	1010.35803041	0.0
166.504577691	1010.8284894	0.0
166.928558404	1011.31609925	0.0
167.135269221	1011.55993471	0.0
167.550796564	1012.05175599	0.0
168.201355036	1012.80981263	0.0
168.631210382	1013.30810365	0.0
168.852859552	1013.56554994	0.0
169.693267877	1014.55737123	0.0
170.108398492	1015.05126771	0.0
170.642807061	1015.68920717	0.0
170.960907037	1016.07195863	0.0
171.486480768	1016.69042787	0.0
171.710357721	1016.94750795	0.0
172.138214166	1017.43554506	0.0
172.811142023	1018.20867738	0.0
173.233017023	1018.70568666	0.0
173.665649468	1019.21874818	0.0
173.889144953	1019.48791322	0.0
174.298706109	1019.98467836	0.0
174.745742852	1020.53106508	0.0
174.9671784	1020.81091127	0.0
175.603485163	1021.62530336	0.0
176.014099176	1022.14605531	0.0
176.455566461	1022.7059308	0.0
177.077423151	1023.48864564	0.0
177.501342828	1024.020506	0.0
178.147155816	1024.85851869	0.0
178.562042292	1025.3988019	0.0
178.763168391	1025.65661439	0.0
179.205444391	1026.21191225	0.0
179.858612116	1027.03198061	0.0
180.31268316	1027.57800111	0.0
180.759674126	1028.11572084	0.0
180.997436578	1028.40368471	0.0
181.438705499	1028.94799623	0.0
182.096420343	1029.77123842	0.0
182.534500177	1030.31762514	0.0
183.20130926	1031.14025697	0.0
183.645416314	1031.68017397	0.0
184.114639336	1032.23486146	0.0
184.353714044	1032.51501283	0.0
184.940246636	1033.22631655	0.0
185.408126885	1033.78149233	0.0
185.883606012	1034.34509095	0.0
185.883606012	1035.29467591	0.0
186.685195978	1035.29467591	0.0
187.139480646	1035.83251772	0.0
187.36938482	1036.1043683	0.0
188.227127131	1037.12133607	0.0
188.706649835	1037.69116029	0.0
188.942382867	1037.97143373	0.0
189.414917048	1038.53222474	0.0
189.908142146	1039.11767396	0.0
190.398040827	1039.69897279	0.0
190.734405573	1040.09814272	0.0
191.352020318	1040.83178529	0.0
191.931640681	1041.51904115	0.0
192.765594538	1042.53014955	0.0
192.996688898	1042.81811342	0.0
193.241134698	1043.12719545	0.0
193.680007989	1043.69555483	0.0
194.104003962	1044.26476869	0.0
194.343643244	1044.59667787	0.0
195.140731867	1045.76428041	0.0
195.538787897	1046.38867006	0.0
195.745636042	1046.72436342	0.0
196.087860162	1047.29931459	0.0
196.626648004	1048.23986634	0.0
196.990936333	1048.88805971	0.0
197.368698174	1049.56384096	0.0
197.888824517	1050.49706849	0.0
198.244430596	1051.13622865	0.0
198.416763361	1051.44616518	0.0
198.885650691	1052.29138002	0.0
199.230163628	1052.91393861	0.0
199.585083064	1053.55590639	0.0
199.777435357	1053.90429506	0.0
200.127685603	1054.53930482	0.0
200.474563654	1055.16833314	0.0
200.852356012	1055.85326967	0.0
201.406341608	1056.85668764	0.0
201.774963435	1057.52355775	0.0
201.954299981	1057.84753236	0.0
202.320922907	1058.51049623	0.0
202.956420954	1059.66088686	0.0
203.401550348	1060.46667299	0.0
203.953369196	1061.46508607	0.0
204.228454645	1061.96301088	0.0
204.591095025	1062.61950502	0.0
205.153625544	1063.63854799	0.0
205.544799859	1064.34741029	0.0
205.911132868	1065.0114728	0.0
206.496536311	1066.07360658	0.0
206.687133844	1066.4189435	0.0
207.063949641	1067.10473451	0.0
207.424346979	1067.7741681	0.0
207.96478277	1068.81701479	0.0
208.303237971	1069.50121889	0.0
208.484329277	1069.87927064	0.0
208.734802302	1070.4168683	0.0
209.108367976	1071.25829896	0.0
209.540374811	1072.29589662	0.0
209.812561089	1072.99389467	0.0
209.950302179	1073.36340151	0.0
210.196106012	1074.05126772	0.0
210.564361627	1075.12463197	0.0
210.800811823	1075.82372865	0.0
211.122406061	1076.77770815	0.0
211.358413751	1077.4781476	0.0
211.653106743	1078.35339174	0.0
211.956085261	1079.25329408	0.0
212.44636541	1080.71008119	0.0
212.44636541	1081.24242983	0.0
212.86811834	1081.96484193	0.0
212.988739068	1082.32226381	0.0
213.268844659	1083.15710267	0.0
213.559265192	1084.04943666	0.0
213.783660944	1084.770506	0.0
214.096084649	1085.85241518	0.0
214.286239679	1086.58056459	0.0
214.546325739	1087.68920717	0.0
214.70846563	1088.41430482	0.0
214.874786432	1089.16723451	0.0
214.956817681	1089.54003725	0.0
215.278488214	1091.00622377	0.0
215.358245904	1091.37072572	0.0
215.522689875	1092.1232892	0.0
215.684295709	1092.86279115	0.0
215.933593804	1094.00463686	0.0
215.933593804	1094.60449037	0.0
216.182739312	1095.14745912	0.0
216.31585699	1095.75768861	0.0
216.601699885	1097.06664857	0.0
216.768890435	1097.8408185	0.0
216.89219671	1098.43200502	0.0
217.038757379	1099.16735658	0.0
217.249496515	1100.31152162	0.0
217.312210138	1100.67870912	0.0
217.436660821	1101.46301088	0.0
217.545044	1102.23547181	0.0
217.640502984	1102.97949037	0.0
217.692153985	1103.40588197	0.0
217.778656061	1104.14404115	0.0
217.823272759	1104.5307599	0.0
217.913955742	1105.32360658	0.0
218.086029107	1106.8375226	0.0
218.131500299	1107.23693666	0.0
218.131500299	1108.02050599	0.0
218.26091009	1108.3753644	0.0
218.348907526	1109.13867006	0.0
218.435058649	1109.90356263	0.0
218.549346979	1111.04406557	0.0
218.6103211	1111.8153058	0.0
218.634307917	1112.19006166	0.0
218.67193609	1112.93530092	0.0
218.704040582	1114.08935365	0.0
218.708801325	1114.82958803	0.0
218.706726129	1115.57214174	0.0
218.69889837	1116.52868471	0.0
218.690368707	1117.31420717	0.0
218.681549127	1118.06762513	0.0
218.676971491	1118.44860658	0.0
218.667587336	1119.20849428	0.0
218.652832086	1120.38842592	0.0
218.642517145	1121.14892397	0.0
218.632904108	1122.30639467	0.0
218.635330255	1123.04675111	0.0
218.64080816	1123.4489728	0.0
218.657577569	1124.20568666	0.0
218.690673882	1125.35412416	0.0
218.714508111	1126.11950502	0.0
218.73870855	1126.89843568	0.0
218.81950384	1129.47546205	0.0
218.853454646	1130.58227358	0.0
218.874237116	1131.25683412	0.0
218.900955256	1132.11486635	0.0
218.922805842	1132.81274233	0.0
218.936706597	1133.25524721	0.0
218.983840997	1134.74609193	0.0
219.024276788	1136.02343568	0.0
219.049224908	1136.8107892	0.0
219.064865167	1137.30163393	0.0
219.076599176	1137.66979799	0.0
219.127410944	1139.25488099	0.0
219.141845757	1139.7038556	0.0
219.187011774	1141.09960756	0.0
219.213378962	1141.91283998	0.0
219.213378962	1142.348631	0.0
219.254547175	1143.16076479	0.0
219.280090387	1143.97204408	0.0
219.306915339	1145.1903058	0.0
219.314117487	1145.97924623	0.0
219.307052667	1147.20422182	0.0
219.295333916	1148.01428041	0.0
219.287948663	1148.45458802	0.0
219.273605401	1149.25951967	0.0
219.250534113	1150.50353822	0.0
219.235351618	1151.32824525	0.0
219.235351618	1151.73998842	0.0
219.210250909	1152.6915265	0.0
219.196075495	1153.46655092	0.0
219.188751275	1153.87096987	0.0
219.176574762	1154.54650697	0.0
219.15089422	1155.96569643	0.0
219.139068658	1156.6220685	0.0
219.121124323	1157.61376771	0.0
219.101043756	1158.72997865	0.0
219.086319024	1159.55688295	0.0
219.070510919	1160.44201478	0.0
219.062606866	1160.88281068	0.0
219.047470148	1161.73315248	0.0
219.03231817	1162.58715639	0.0
219.009094294	1163.88451967	0.0
218.9936524	1164.74365053	0.0
218.984909113	1165.23327455	0.0
218.970047052	1166.06762513	0.0
218.946838433	1167.37133607	0.0
218.931045588	1168.25048646	0.0
218.923095759	1168.69408998	0.0
218.907501276	1169.56945619	0.0
218.891479547	1170.46398744	0.0
218.867889458	1171.77770814	0.0
218.844497735	1173.10973939	0.0
218.829086358	1173.99523744	0.0
218.81330877	1174.9000226	0.0
218.804534967	1175.40795717	0.0
218.792999323	1176.08032045	0.0
218.765991265	1177.65051088	0.0
218.753784236	1178.35912904	0.0
218.7380982	1179.25268373	0.0
218.710510309	1181.01989564	0.0
218.708190973	1182.32177553	0.0
218.71339422	1182.80102357	0.0
218.730865533	1183.72765932	0.0
218.76455694	1185.07909974	0.0
218.792663628	1186.1335431	0.0
218.805328423	1186.60632142	0.0
218.829498347	1187.5139142	0.0
218.866058405	1188.88513002	0.0
218.890930231	1189.81347474	0.0
218.902862604	1190.25878724	0.0
218.95217901	1192.09692201	0.0
218.965301568	1192.58398256	0.0
218.990692194	1193.52001771	0.0
219.015960748	1194.43456849	0.0
219.050994927	1195.81518373	0.0
219.066970879	1196.73303041	0.0
219.074020441	1197.22448548	0.0
219.086212213	1198.15160951	0.0
219.103302056	1199.54760561	0.0
219.114563042	1200.46484193	0.0
219.126281793	1201.41271791	0.0
219.132263238	1201.89770326	0.0
219.155670221	1203.78002748	0.0
219.161590632	1204.26220521	0.0
219.170990046	1205.01000795	0.0
219.186218316	1206.17382631	0.0
219.203979548	1207.61242494	0.0
219.203979548	1208.11791811	0.0
219.222366389	1209.06225404	0.0
219.228546198	1209.54577455	0.0
219.276748711	1213.25903139	0.0
219.296020563	1214.71362123	0.0
219.307891901	1215.6746808	0.0
219.317504937	1216.42211732	0.0
219.326965388	1217.13793764	0.0
219.337036187	1217.91882143	0.0
219.356033381	1219.4222394	0.0
219.369140679	1220.40722475	0.0
219.383148249	1221.4090558	0.0
219.38993841	1221.93932924	0.0
219.402038628	1222.91186342	0.0
219.416168268	1223.9291974	0.0
219.423309382	1224.43017396	0.0
219.437637384	1225.49291811	0.0
219.457504328	1226.95580873	0.0
219.468505914	1227.78979311	0.0
219.48481756	1228.98705873	0.0
219.492065484	1229.53295717	0.0
219.502807672	1230.33801088	0.0
219.512939507	1231.07629213	0.0
219.524261531	1231.86425599	0.0
219.554443414	1233.97985658	0.0
219.564605769	1234.68737611	0.0
219.575882012	1235.47302064	0.0
219.590667781	1236.51440248	0.0
219.613281305	1238.10583314	0.0
219.628067071	1239.14831362	0.0
219.635467584	1239.65014467	0.0
219.651199396	1240.68469057	0.0
219.651199396	1241.72411928	0.0
219.664123591	1242.25390444	0.0
219.652862605	1243.5974103	0.0
219.629943902	1244.61022768	0.0
219.592636162	1245.65624818	0.0
219.545990045	1246.69897279	0.0
219.455719048	1248.47949037	0.0
219.427917535	1248.99426088	0.0
219.369674737	1250.0653058	0.0
219.330505426	1250.80053529	0.0
219.330505426	1251.54907045	0.0
219.233825739	1252.60082826	0.0
219.153228815	1254.12377748	0.0
219.095947321	1255.19579896	0.0
219.040817315	1256.24133119	0.0
219.012115533	1256.78539858	0.0
218.955169733	1257.85546693	0.0
218.871460016	1259.4390851	0.0
218.816040093	1260.49755678	0.0
218.761077936	1261.5529767	0.0
218.743042046	1261.8979474	0.0
218.645263727	1263.76708803	0.0
218.590499934	1264.80981264	0.0
218.543411309	1265.68774233	0.0
218.481628473	1266.94299135	0.0
218.457336481	1267.51220521	0.0
218.421478326	1268.53808412	0.0
218.397338922	1269.60937318	0.0
218.390625054	1270.13793764	0.0
218.401062066	1272.25146303	0.0
218.411773736	1272.75866518	0.0
218.438873346	1273.80456361	0.0
218.438873346	1274.38097963	0.0
218.476669366	1275.12292299	0.0
218.491500909	1275.63281069	0.0
218.526290948	1276.81750307	0.0
218.564727837	1278.13696108	0.0
218.596313532	1279.21142397	0.0
218.611175592	1279.71630678	0.0
218.641387995	1280.74816713	0.0
218.689071711	1282.38049135	0.0
218.719772394	1283.42407045	0.0
218.751373345	1284.50304994	0.0
218.767883355	1285.07177553	0.0
218.790573176	1285.84557923	0.0
218.822662408	1286.92895326	0.0
218.871566827	1288.57739076	0.0
218.904037531	1289.66320619	0.0
218.93856817	1290.82128725	0.0
218.93856817	1291.33984193	0.0
219.021514948	1293.5114728	0.0
219.041412408	1294.11034974	0.0
219.073318536	1295.15551576	0.0
219.101852473	1296.2873517	0.0
219.123321588	1297.91882142	0.0
219.122680718	1298.47643861	0.0
219.114898737	1299.58715639	0.0
219.093597467	1301.25634584	0.0
219.075195368	1302.35046205	0.0
219.055297906	1303.42321596	0.0
219.02325445	1305.0953351	0.0
219.004089409	1306.19970522	0.0
218.994079644	1306.75024233	0.0
218.973892267	1307.84130678	0.0
218.948059137	1309.25744447	0.0
218.922302302	1310.64562807	0.0
218.888336236	1312.58849916	0.0
218.874115046	1313.42602357	0.0
218.85037237	1314.84765443	0.0
218.822113092	1316.46899232	0.0
218.807113702	1317.32604799	0.0
218.787872368	1318.46288881	0.0
218.769348199	1319.58764467	0.0
218.736908015	1321.54467592	0.0
218.732040459	1321.85326967	0.0
218.713028009	1323.05529603	0.0
218.695846612	1324.15209779	0.0
218.678070122	1325.31469545	0.0
218.651763971	1327.02685365	0.0
218.634491021	1328.18029603	0.0
218.625457819	1328.76977357	0.0
218.607528742	1329.93493471	0.0
218.580246026	1331.7215558	0.0
218.562942559	1332.90612611	0.0
218.562942559	1333.4547101	0.0
218.521194512	1335.75268373	0.0
218.512588557	1336.39452943	0.0
218.504180963	1337.56506166	0.0
218.510818537	1338.70898256	0.0
218.547790583	1340.4033185	0.0
218.582290703	1341.56908998	0.0
218.600799617	1342.17004213	0.0
218.635940607	1343.29321107	0.0
218.691894586	1345.05969057	0.0
218.720260675	1345.96203432	0.0
218.76531988	1347.40490541	0.0
218.809677178	1348.82629213	0.0
218.854446466	1350.25121889	0.0
218.875122125	1350.8856183	0.0
218.91436773	1352.07336244	0.0
218.952758843	1353.23571596	0.0
219.013122614	1355.05761537	0.0
219.052139337	1356.23083314	0.0
219.072265679	1356.8354474	0.0
219.108093316	1358.03832826	0.0
219.143234308	1359.78027162	0.0
219.153717096	1360.93688783	0.0
219.156433161	1361.54882631	0.0
219.156738337	1362.74487123	0.0
219.151733454	1363.95092592	0.0
219.144058283	1365.66503725	0.0
219.138305719	1366.85680971	0.0
219.135589654	1367.46606263	0.0
219.132263239	1368.4102765	0.0
219.120132501	1370.80517396	0.0
219.117660578	1371.39892396	0.0
219.111373957	1372.88305482	0.0
219.10893255	1373.50805482	0.0
219.105789239	1374.39623842	0.0
219.101913508	1375.86157045	0.0
219.096405084	1377.48437318	0.0
219.091842706	1378.67541323	0.0
219.091842706	1379.80663881	0.0
219.087295586	1380.40514955	0.0
219.081939751	1381.61620912	0.0
219.076171931	1382.86315736	0.0
219.071945245	1384.04980287	0.0
219.070877129	1385.0196515	0.0
219.082840022	1387.36315736	0.0
219.08424383	1388.55651674	0.0
219.087493952	1389.72265443	0.0
219.090332087	1390.33740053	0.0
219.100723322	1391.61742982	0.0
219.113159234	1392.76208315	0.0
219.13439947	1394.54846009	0.0
219.1488648	1395.77270326	0.0
219.153457696	1396.13928041	0.0
219.172637994	1397.64245424	0.0
219.195861871	1399.4291974	0.0
219.212173516	1400.64697084	0.0
219.222168024	1401.58910951	0.0
219.232437189	1402.50195131	0.0
219.232437189	1404.97387514	0.0
219.276046809	1405.61865053	0.0
219.298156794	1406.78881654	0.0
219.315246636	1407.72900209	0.0
219.342727716	1409.52465639	0.0
219.37103277	1410.74780092	0.0
219.38842779	1411.93408022	0.0
219.398284967	1413.79321107	0.0
219.39054876	1414.94921693	0.0
219.386276299	1415.58300599	0.0
219.378570612	1416.79199037	0.0
219.371261652	1418.59594545	0.0
219.371002251	1419.76147279	0.0
219.372329766	1420.92553529	0.0
219.373519951	1421.52941713	0.0
219.379730281	1422.72436342	0.0
219.375305231	1423.39880189	0.0
219.375366265	1425.72778139	0.0
219.393920952	1427.49072084	0.0
219.398956354	1428.11376771	0.0
219.401733454	1429.29223451	0.0
219.404205377	1431.09448061	0.0
219.404846247	1432.26611146	0.0
219.405365046	1433.76000795	0.0
219.409301812	1435.208006	0.0
219.414321955	1435.54308901	0.0
219.463516289	1436.8198224	0.0
219.510131891	1438.21105775	0.0
219.528595027	1438.83910951	0.0
219.589843805	1441.1734601	0.0
219.598388727	1441.49340639	0.0
219.632598931	1442.69396791	0.0
219.713119563	1445.05151186	0.0
219.713119563	1446.25451478	0.0
219.761062678	1446.8140851	0.0
219.81407171	1447.9974347	0.0
219.830688531	1449.74523744	0.0
219.823913629	1450.92187319	0.0
219.80020147	1452.10839662	0.0
219.782165582	1452.68591127	0.0
219.688079888	1454.45678529	0.0
219.61434942	1455.59460267	0.0
219.481613214	1457.31115541	0.0
219.481613214	1458.46874818	0.0
219.223297174	1459.57446108	0.0
219.157379204	1460.16271791	0.0
219.025985772	1461.31811342	0.0
219.025985772	1462.44128236	0.0
218.808288628	1463.26537904	0.0
218.664093074	1464.64025697	0.0
218.558624323	1465.75683412	0.0
218.444824275	1467.15942201	0.0
218.330932671	1468.85119447	0.0
218.274169977	1469.87475404	0.0
218.217575129	1471.30480775	0.0
218.190414484	1472.40771303	0.0
218.174621637	1473.22778139	0.0
218.155334526	1474.33386049	0.0
218.126510675	1476.03173646	0.0
218.111541802	1476.90380677	0.0
218.096313532	1477.78686342	0.0
218.082000788	1478.60668764	0.0
218.062240656	1479.73876771	0.0
218.037658747	1481.15112123	0.0
218.013061578	1482.56030092	0.0
217.993164118	1483.68456849	0.0
217.972763116	1484.8186017	0.0
217.951400811	1486.01147279	0.0
217.941986139	1486.54028139	0.0
217.911804255	1488.25634584	0.0
217.891281182	1489.44763002	0.0
217.872360284	1490.5463849	0.0
217.864212092	1491.10595522	0.0
217.853820855	1492.25890932	0.0
217.849044855	1493.3630353	0.0
217.847290093	1494.00182924	0.0
217.843231256	1495.72070131	0.0
217.840210015	1496.886839	0.0
217.840210015	1497.51147279	0.0
217.832397516	1499.72631654	0.0
217.82971197	1500.83105287	0.0
217.827041681	1501.9505597	0.0
217.825561578	1502.61401186	0.0
217.820785577	1504.29809388	0.0
217.811492974	1505.41308412	0.0
217.796936089	1506.53832826	0.0
217.754531916	1508.270506	0.0
217.704834039	1509.37841615	0.0
217.643096978	1510.50549135	0.0
217.609344537	1511.09960756	0.0
217.609344537	1512.77795229	0.0
217.448425347	1513.9201642	0.0
217.350585992	1515.66540346	0.0
217.224731501	1517.91711244	0.0
217.203582819	1518.29430971	0.0
217.203582819	1519.39294252	0.0
217.071106012	1520.73547181	0.0
217.001007135	1522.46520814	0.0
216.971283013	1523.58117494	0.0
216.961273248	1524.16796693	0.0
216.952606256	1525.33508119	0.0
216.957428033	1526.96191225	0.0
216.966522272	1528.12353334	0.0
216.976348932	1529.22753725	0.0
216.984115655	1530.09142885	0.0
216.994415338	1531.24938783	0.0
216.999450738	1531.8198224	0.0
217.009552057	1532.98071108	0.0
217.014282282	1533.52941713	0.0
217.024551447	1534.7227765	0.0
217.039154109	1536.42175111	0.0
217.053222711	1538.0439435	0.0
217.057952935	1538.58263979	0.0
217.071243342	1540.08459291	0.0
217.078628595	1540.91296205	0.0
217.083786065	1541.49145326	0.0
217.093963677	1542.63598451	0.0
217.104415949	1543.81896791	0.0
217.112136895	1544.692381	0.0
217.117401179	1545.29406557	0.0
217.127121027	1546.4045392	0.0
217.137481744	1547.58337221	0.0
217.144928033	1548.43163881	0.0
217.152710015	1549.31933412	0.0
217.168304498	1551.09374818	0.0
217.178649956	1552.27026185	0.0
217.189178521	1553.46032533	0.0
217.194732722	1554.04443178	0.0
217.205169733	1555.16064271	0.0
217.210449274	1556.38134584	0.0
217.209472711	1556.89159975	0.0
217.19223028	1558.63036928	0.0
217.174102838	1559.79907045	0.0
217.144653375	1561.54382143	0.0
217.12518316	1562.70007143	0.0
217.12518316	1563.85180482	0.0
217.096695001	1564.40917787	0.0
217.076385553	1565.64025697	0.0
217.047973687	1567.36181459	0.0
217.028213557	1568.56030092	0.0
216.999603325	1570.29101381	0.0
216.98394781	1571.23217592	0.0
216.960281428	1572.65966615	0.0
216.940231377	1573.87524233	0.0
216.912567193	1575.56921205	0.0
216.903381403	1576.13220034	0.0
216.883422906	1577.35534487	0.0
216.854858454	1579.09741029	0.0
216.835586604	1580.26952943	0.0
216.8157044	1581.47448549	0.0
216.806198175	1582.05200014	0.0
216.766662653	1584.46240053	0.0
216.761169489	1584.7984601	0.0
216.716857966	1587.51086244	0.0
216.691680964	1589.05932436	0.0
216.671951348	1590.27209291	0.0
216.641952569	1592.1134015	0.0
216.62252813	1593.30554018	0.0
216.6025086	1594.53625306	0.0
216.592849787	1595.13195619	0.0
216.573425349	1596.33801088	0.0
216.553970392	1597.5476056	0.0
216.544433649	1598.12487611	0.0
216.525116021	1599.32934389	0.0
216.508941706	1601.16699037	0.0
216.51794439	1602.91943177	0.0
216.53446966	1604.16467103	0.0
216.553741509	1605.40136537	0.0
216.562957819	1605.97143373	0.0
216.583023126	1607.21227846	0.0
216.60289007	1608.44164857	0.0
216.617538507	1609.35156068	0.0
216.646163995	1611.13842592	0.0
216.665710503	1612.3588849	0.0
216.684585627	1613.53808412	0.0
216.694458062	1614.15490541	0.0
216.713424737	1615.33740053	0.0
216.742569024	1617.15954408	0.0
216.761901912	1618.37158022	0.0
216.781219538	1619.57812318	0.0
216.79629522	1620.51586732	0.0
216.811157282	1621.43969545	0.0
216.840515193	1623.24999818	0.0
216.860488946	1624.47826967	0.0
216.88198858	1625.76269349	0.0
216.891311699	1626.36266908	0.0
216.904754693	1627.5686017	0.0
216.9077149	1628.83520326	0.0
216.902298028	1629.69164857	0.0
216.895904596	1630.30676088	0.0
216.869873103	1632.14941224	0.0
216.850448664	1633.35082826	0.0
216.819213922	1635.22460756	0.0
216.798400935	1636.46777162	0.0
216.763992364	1638.52343568	0.0
216.742416436	1639.81628236	0.0
216.742416436	1640.96862611	0.0
216.714065607	1641.53051576	0.0
216.714065607	1642.80370912	0.0
216.674560603	1644.02966127	0.0
216.667495783	1644.93408022	0.0
216.683044488	1646.79443178	0.0
216.690948541	1647.36413392	0.0
216.710479791	1648.6569806	0.0
216.710479791	1649.83080873	0.0
216.739334161	1650.42712221	0.0
216.814056452	1654.91650209	0.0
216.835693413	1656.20336732	0.0
216.84494024	1656.75292787	0.0
216.866516167	1658.02795228	0.0
216.89811712	1659.89806947	0.0
216.91917425	1661.1623517	0.0
216.93933111	1662.37060365	0.0
216.950683648	1663.0541974	0.0
216.971191461	1664.29150209	0.0
217.003189142	1666.14623842	0.0
217.020187433	1667.41601381	0.0
217.026428279	1668.33788881	0.0
217.028930719	1669.58593568	0.0
217.028457696	1670.17651185	0.0
217.028457696	1671.46667299	0.0
217.022644098	1672.66869935	0.0
217.020843562	1673.35534486	0.0
217.014984186	1675.83129701	0.0
217.014984186	1676.50292787	0.0
217.010757501	1677.72668275	0.0
217.009368952	1678.3687726	0.0
217.004043634	1680.94592103	0.0
217.002792414	1681.53295717	0.0
217.000625666	1682.81945619	0.0
216.994430596	1684.18981752	0.0
216.971908624	1686.04125795	0.0
216.958374078	1686.94213686	0.0
216.928924617	1688.80102357	0.0
216.907363947	1690.14526186	0.0
216.882156426	1691.71813784	0.0
216.857605036	1693.26379213	0.0
216.838989314	1694.4357892	0.0
216.823455866	1695.41052064	0.0
216.803634699	1696.66345033	0.0
216.793747003	1697.29076967	0.0
216.772689873	1698.60961732	0.0
216.75296026	1699.84765443	0.0
216.741897639	1700.54101381	0.0
216.70254522	1703.0139142	0.0
216.692291314	1703.66296205	0.0
216.671478326	1704.97839174	0.0
216.641418512	1706.88036927	0.0
216.620880182	1708.17028627	0.0
216.600845392	1709.43017396	0.0
216.590133722	1710.09875307	0.0
216.552734429	1712.43334779	0.0
216.53747564	1713.36645326	0.0
216.523040826	1714.36181459	0.0
216.513244683	1715.2515851	0.0
216.5087586	1716.54211244	0.0
216.514617975	1717.59167299	0.0
216.514617975	1718.45312318	0.0
216.541656549	1719.74609193	0.0
216.571258599	1721.67858705	0.0
216.590591485	1722.94286928	0.0
216.605880793	1723.94286928	0.0
216.620513971	1724.90368471	0.0
216.620513971	1725.86645326	0.0
216.654830988	1727.20275697	0.0
216.67408758	1728.48754701	0.0
216.683380181	1729.10632142	0.0
216.704498347	1730.50390443	0.0
216.747238215	1733.33617983	0.0
216.765976006	1734.58129701	0.0
216.785614069	1735.88818178	0.0
216.801452691	1736.93652162	0.0
216.815124567	1737.84008607	0.0
216.83422857	1739.114256	0.0
216.84431463	1739.79223451	0.0
216.863311823	1741.07885561	0.0
216.892669733	1743.05431947	0.0
216.908432062	1744.10497865	0.0
216.929779108	1745.43688783	0.0
216.94410711	1746.40978822	0.0
216.953872736	1747.36327943	0.0
216.955261286	1748.67223939	0.0
216.941375788	1750.01037416	0.0
216.930053765	1750.63000307	0.0
216.850219782	1753.17431459	0.0
216.819717461	1753.89904603	0.0
216.755950982	1755.30883607	0.0
216.729934748	1755.86645326	0.0
216.729934748	1757.14990053	0.0
216.60778814	1758.46215638	0.0
216.588546809	1758.87219057	0.0
216.515289361	1760.43871889	0.0
216.424682672	1762.38867006	0.0
216.378601129	1763.38378725	0.0
216.320434624	1764.64184389	0.0
216.258255061	1765.98779115	0.0
216.167175348	1767.94555482	0.0
216.108703668	1769.21923647	0.0
216.080413874	1769.88952455	0.0
216.02867132	1771.18383608	0.0
215.884643611	1774.9871808	0.0
215.811660822	1776.93224916	0.0
215.763092097	1778.23107728	0.0
215.724548395	1779.2561017	0.0
215.670852717	1780.53906068	0.0
215.624847466	1781.49804506	0.0
215.567871148	1782.5307599	0.0
215.486755426	1783.79394349	0.0
215.420806941	1784.68774232	0.0
215.246383723	1786.66601381	0.0
215.141571099	1787.6845685	0.0
215.010681208	1788.84338197	0.0
214.854904229	1790.13867006	0.0
214.622085626	1792.004881	0.0
214.462493952	1793.27367982	0.0
214.378143365	1793.96130189	0.0
214.223510796	1795.28564271	0.0
214.038818414	1797.04528627	0.0
213.919860896	1798.3453351	0.0
213.870681817	1798.94311341	0.0
213.68504339	1801.49780092	0.0
213.640075739	1802.16039857	0.0
213.552887018	1803.45409975	0.0
213.426208551	1805.33642396	0.0
213.358459527	1806.33947572	0.0
213.270660455	1807.56786928	0.0
213.200424248	1808.47802553	0.0
213.118591364	1809.45312318	0.0
213.002990778	1810.69872865	0.0
212.686355646	1813.6031476	0.0
212.579757746	1814.51586732	0.0
212.400543268	1816.03759584	0.0
212.208419854	1817.66735658	0.0
212.063766536	1818.90295228	0.0
211.920364434	1820.09814271	0.0
211.838714655	1820.75231752	0.0
211.683456476	1821.93969545	0.0
211.683456476	1823.16979799	0.0
211.424789483	1823.74914369	0.0
211.026458796	1826.18810854	0.0
210.918853814	1826.78710756	0.0
210.685958916	1828.01342592	0.0
210.575286921	1828.56713685	0.0
210.323471125	1829.76464662	0.0
210.054534966	1830.98974428	0.0
209.801620538	1832.12072572	0.0
209.65983587	1832.75097475	0.0
209.269912774	1834.48242006	0.0
208.991439873	1835.71923646	0.0
208.72737127	1836.89294251	0.0
208.494964654	1837.92907533	0.0
208.044677789	1839.89269838	0.0
207.913284358	1840.44640932	0.0
207.616439875	1841.65942201	0.0
207.38551336	1842.56689271	0.0
207.158081109	1843.42773256	0.0
206.526168879	1845.66747865	0.0
206.358139094	1846.22875795	0.0
206.083847102	1847.11913881	0.0
206.083847102	1848.3835431	0.0
205.6773377	1848.3835431	0.0
205.31797796	1849.4547101	0.0
204.775924738	1850.99804506	0.0
204.374145564	1852.09094057	0.0
204.158645685	1852.661131	0.0
203.743774469	1853.75805482	0.0
204.141708428	1854.96923646	0.0
204.360961969	1855.45348939	0.0
204.609954889	1856.11169252	0.0
204.716323907	1856.4324933	0.0
205.070861871	1857.78845033	0.0
205.133194025	1858.11022768	0.0
205.235153253	1858.78442201	0.0
205.323181207	1859.75842103	0.0
205.341751153	1860.37914857	0.0
205.331527764	1861.00219545	0.0
205.243408258	1862.04492006	0.0
205.164093072	1862.54858217	0.0
205.079147394	1862.97070131	0.0
204.817367609	1863.94018373	0.0
204.680465753	1864.35180482	0.0
204.577896173	1864.63903627	0.0
204.425384576	1865.06371889	0.0
204.305328423	1865.56640443	0.0
204.264877375	1865.94091615	0.0
204.162231501	1866.4727765	0.0
204.073089655	1866.76122865	0.0
204.190521295	1866.43481263	0.0
204.28031927	1866.07153138	0.0
204.345352228	1865.59777651	0.0
204.357437189	1865.27880678	0.0
204.338104303	1864.89404115	0.0
204.28344732	1864.51659975	0.0
204.199447688	1864.1647931	0.0
204.059173639	1863.7585431	0.0
203.861770686	1863.33288393	0.0
203.601440485	1862.90356263	0.0
203.400909479	1862.63915834	0.0
203.105056818	1862.30822572	0.0
202.760467583	1861.989256	0.0
202.403976496	1861.70568666	0.0
202.11132818	1861.49096498	0.0
201.706680353	1861.19799623	0.0
201.401062067	1860.97533998	0.0
201.089447075	1860.7416974	0.0
200.588714654	1860.33361635	0.0
200.198089654	1859.95947084	0.0
199.848465022	1859.57470521	0.0
199.510147149	1859.1533185	0.0
199.275924738	1858.81628236	0.0
199.134780939	1858.51806459	0.0
198.745239313	1857.81835756	0.0
198.562377985	1857.35290346	0.0
198.425552423	1856.92394838	0.0
198.35136419	1856.63207826	0.0
198.288040217	1856.3231183	0.0
198.228088435	1855.85864076	0.0
198.19448858	1855.36620912	0.0
198.185836846	1855.04028139	0.0
198.26884466	1854.05981264	0.0
198.379211481	1853.57177553	0.0
198.547790582	1852.96191225	0.0
198.70117193	1852.44189272	0.0
198.931854304	1851.71069154	0.0
199.112365778	1851.15710267	0.0
199.240005549	1850.78674135	0.0
199.430770928	1850.22216615	0.0
199.430770928	1849.85082826	0.0
199.722259577	1849.26257142	0.0
199.881042536	1848.65551576	0.0
199.970321711	1848.2738019	0.0
200.055145319	1847.87255678	0.0
200.167358454	1847.24877748	0.0
200.254852351	1846.61816224	0.0
200.29617315	1846.22118959	0.0
200.339111383	1845.58288392	0.0
200.352645929	1845.16625795	0.0
200.360000666	1844.50024232	0.0
200.356979425	1843.79589662	0.0
200.353668267	1843.44531068	0.0
200.348175104	1842.96911439	0.0
200.329650934	1841.65820131	0.0
200.320480401	1841.01501283	0.0
200.310211236	1840.26708803	0.0
200.303314263	1839.76611146	0.0
200.295806939	1839.22070131	0.0
200.284942681	1838.43871888	0.0
200.2774201	1837.90160951	0.0
200.269821222	1837.35461244	0.0
200.259246882	1836.53307923	0.0
200.250900323	1835.97717104	0.0
200.220016535	1834.84496888	0.0
200.201568658	1834.25463685	0.0
200.187072809	1833.80151185	0.0
200.173934991	1833.39489565	0.0
200.139617974	1832.34264955	0.0
200.125732477	1831.91918763	0.0
200.106201227	1831.3251935	0.0
200.08096319	1830.55920229	0.0
200.060150202	1829.95422181	0.0
200.020065362	1828.44445619	0.0
200.016296442	1827.84814271	0.0
200.023071345	1827.26672182	0.0
200.049774224	1826.34911928	0.0
200.07150274	1825.74181947	0.0
200.083541926	1825.41430482	0.0
200.113388117	1824.61303529	0.0
200.113388117	1824.1088849	0.0
200.178939874	1822.86938295	0.0
200.190948541	1822.55053529	0.0
200.21957403	1821.79028139	0.0
200.250167902	1820.97851381	0.0
200.286499078	1820.01342592	0.0
200.298080499	1819.7059308	0.0
200.298080499	1819.06493959	0.0
200.346908625	1818.40722475	0.0
200.384658869	1817.40307436	0.0
200.39736944	1817.06469545	0.0
200.423233087	1816.37670717	0.0
200.461074884	1815.37084779	0.0
200.487594659	1814.66601381	0.0
200.513000543	1813.99096498	0.0
200.525421197	1813.66125307	0.0
200.57780462	1812.26879701	0.0
200.590957696	1811.91992006	0.0
200.617981012	1811.20190248	0.0
200.644043024	1810.50951967	0.0
200.657669122	1810.14843568	0.0
200.711547907	1808.71899232	0.0
200.726257379	1808.3288556	0.0
200.753143365	1807.61596498	0.0
200.780258233	1806.91039857	0.0
200.795150812	1806.53027162	0.0
200.839584406	1805.07299623	0.0
200.848480279	1804.69640932	0.0
200.861541802	1804.11889467	0.0
200.881256159	1803.22228822	0.0
200.933258112	1800.83105287	0.0
200.954010065	1799.87255677	0.0
200.97007757	1799.13024721	0.0
200.97007757	1798.55688295	0.0
200.99514776	1797.97045717	0.0
201.007980401	1797.3757306	0.0
201.041610773	1795.81689272	0.0
201.050323541	1795.41271791	0.0
201.066940362	1794.64135561	0.0
201.084274346	1793.83703431	0.0
201.094482477	1793.36327943	0.0
201.129852349	1791.71923646	0.0
201.138687189	1791.30785951	0.0
201.155990655	1790.50341615	0.0
201.164947565	1790.08581361	0.0
201.182800347	1789.25463685	0.0
201.195846612	1788.64648256	0.0
201.209594782	1788.00646791	0.0
201.227142388	1787.18676576	0.0
201.241851861	1786.50146303	0.0
201.271789607	1785.12646303	0.0
201.289260919	1784.32470522	0.0
201.306060846	1783.06762514	0.0
201.300354059	1781.77978334	0.0
201.291931207	1781.14867982	0.0
201.27854925	1780.29333314	0.0
201.264785822	1779.45678529	0.0
201.254318293	1778.82751283	0.0
201.226379449	1777.14929017	0.0
201.219512994	1776.73620423	0.0
201.219512994	1775.88598451	0.0
201.194152887	1775.208006	0.0
201.184143121	1774.60595522	0.0
201.158660943	1773.07275209	0.0
201.151855525	1772.66320619	0.0
201.137497004	1771.79992494	0.0
201.123077449	1770.93359193	0.0
201.102203423	1769.67895326	0.0
201.088424737	1768.85156068	0.0
201.081512507	1768.4345685	0.0
201.068206843	1767.63622865	0.0
201.047088677	1766.36779603	0.0
201.03358465	1765.55285463	0.0
201.02285772	1764.90673647	0.0
201.002960259	1763.70397768	0.0
200.993194635	1763.11376771	0.0
200.982818657	1762.48534975	0.0
200.96919256	1761.66039857	0.0
200.955886895	1760.8543683	0.0
200.935546931	1759.62341127	0.0
200.922546441	1758.83727846	0.0
200.915481623	1758.411131	0.0
200.889160211	1756.82543763	0.0
200.875732478	1756.01977357	0.0
200.869400079	1755.63757143	0.0
200.855896052	1754.82800111	0.0
200.835739192	1753.61962709	0.0
200.822235162	1752.80663881	0.0
200.81546026	1752.39965639	0.0
200.799346979	1751.4291974	0.0
200.783111628	1750.45165834	0.0
200.770080622	1749.66857729	0.0
200.75032049	1748.47985658	0.0
200.733764703	1747.4851056	0.0
200.724288994	1746.9156476	0.0
200.717208918	1746.4904767	0.0
200.704605158	1745.7338849	0.0
200.684936579	1744.55309877	0.0
200.672363337	1743.79784975	0.0
200.65856939	1742.96960267	0.0
200.639526423	1741.82714662	0.0
200.626983696	1741.07470521	0.0
200.619766289	1740.64147767	0.0
200.607208307	1739.88818177	0.0
200.58724981	1738.69079408	0.0
200.574096735	1737.90148744	0.0
200.555725153	1736.80004702	0.0
200.542709405	1736.01952943	0.0
200.536056574	1735.6199933	0.0
200.52349859	1734.86694154	0.0
200.504913384	1733.75366029	0.0
200.49502569	1733.16039857	0.0
200.482315119	1732.39867983	0.0
200.473007257	1731.84020814	0.0
200.463302668	1731.25951966	0.0
200.450820979	1730.51196107	0.0
200.441558892	1729.9592267	0.0
200.431381281	1729.35021791	0.0
200.418960625	1728.60742005	0.0
200.40657049	1727.86804018	0.0
200.397674615	1727.33740053	0.0
200.375671443	1726.02429017	0.0
200.363281304	1725.28368959	0.0
200.350875909	1724.543089	0.0
200.335174615	1723.60412416	0.0
200.320266778	1722.71386537	0.0
200.310363825	1722.12121401	0.0
200.298004204	1721.38061342	0.0
200.291946466	1721.01855287	0.0
200.291946466	1720.25634584	0.0
200.266815241	1719.51257142	0.0
200.248443657	1718.41479311	0.0
200.248443657	1718.05456361	0.0
200.230423029	1717.33605776	0.0
200.218505915	1716.62499818	0.0
200.200149591	1715.5283185	0.0
200.188049372	1714.80663881	0.0
200.188049372	1714.4448224	0.0
200.17018133	1713.74181947	0.0
200.158248957	1713.02990541	0.0
200.142501887	1712.08959779	0.0
200.1309815	1711.40185365	0.0
200.124588068	1711.01928529	0.0
200.124588068	1710.31054506	0.0
200.094574029	1709.22753724	0.0
200.082931574	1708.5328351	0.0
200.071106011	1707.8276349	0.0
200.071106011	1707.10717592	0.0
200.053146416	1706.75500306	0.0
200.041839654	1706.07934389	0.0
200.029373224	1705.33349428	0.0
200.023452815	1704.97949037	0.0
200.01190191	1704.29040346	0.0
199.994369563	1703.24328431	0.0
199.976837213	1702.19701966	0.0
199.965637263	1701.52880678	0.0
199.953598078	1700.81152162	0.0
199.948013361	1700.47973451	0.0
199.924697931	1699.09350404	0.0
199.918869073	1698.74682435	0.0
199.907699639	1698.0821515	0.0
199.896041926	1697.38867006	0.0
199.878524835	1696.34667787	0.0
199.86926275	1695.79540834	0.0
199.852111872	1694.7729474	0.0
199.84091192	1694.10388002	0.0
199.829330499	1693.4135724	0.0
199.823638972	1693.07446108	0.0
199.81280523	1692.42724428	0.0
199.806854302	1692.07177553	0.0
199.795196589	1691.37743959	0.0
199.784164484	1690.72094545	0.0
199.778259333	1690.36987123	0.0
199.755737359	1689.02880678	0.0
199.750274712	1688.70361147	0.0
199.738723809	1688.01769838	0.0
199.738723809	1686.99694642	0.0
199.710922297	1686.36401185	0.0
199.699783381	1685.70043764	0.0
199.685379084	1684.84130678	0.0
199.674408014	1684.18627748	0.0
199.666870172	1683.7359601	0.0
199.661254938	1683.40051088	0.0
199.652893121	1682.90026674	0.0
199.636917169	1681.94408998	0.0
199.628662164	1681.45019349	0.0
199.609848078	1680.32775697	0.0
199.604324395	1679.99841127	0.0
199.579635674	1678.52660951	0.0
199.568985039	1677.89123353	0.0
199.557998712	1677.23534975	0.0
199.546905573	1676.57409486	0.0
199.541748101	1676.26586732	0.0
199.530944879	1675.61926088	0.0
199.514724786	1674.64941224	0.0
199.50308233	1673.95190248	0.0
199.492858941	1673.33764467	0.0
199.479003961	1672.50878725	0.0
199.47146612	1672.0574933	0.0
199.460418756	1671.39587221	0.0
199.452392633	1670.91454897	0.0
199.436889702	1669.98730287	0.0
199.424011286	1669.21801576	0.0
199.410690364	1668.42492494	0.0
199.400344903	1667.80822572	0.0
199.392623956	1667.34814272	0.0
199.392623956	1666.90270814	0.0
199.385131891	1666.27111635	0.0
199.367004448	1665.82702455	0.0
199.349517878	1664.78991517	0.0
199.339416559	1664.19140443	0.0
199.324356133	1663.30126771	0.0
199.295242364	1661.58007631	0.0
199.280883844	1660.73254213	0.0
199.270797785	1660.13586244	0.0
199.261108454	1659.5628644	0.0
199.255905206	1659.25561342	0.0
199.255905206	1658.70471009	0.0
199.231628474	1657.8186017	0.0
199.224197443	1657.37963685	0.0
199.21426397	1656.79150209	0.0
199.199859674	1655.94140443	0.0
199.190124567	1655.36620912	0.0
199.17572027	1654.5151349	0.0
199.161590631	1653.67700013	0.0
199.1516419	1653.08801088	0.0
199.142517145	1652.54699525	0.0
199.128036555	1651.68627748	0.0
199.118942317	1651.14428529	0.0
199.104583795	1650.28698549	0.0
199.090728815	1649.45763978	0.0
199.081436211	1648.90112123	0.0
199.072357233	1648.35790834	0.0
199.051895196	1647.12866029	0.0
199.045211846	1646.723631	0.0
199.035949763	1646.16882143	0.0
199.029068049	1645.76074037	0.0
199.005783137	1644.37011537	0.0
198.992096002	1643.54369935	0.0
198.978866632	1642.76611146	0.0
198.969665583	1642.22863588	0.0
198.960891778	1641.7182599	0.0
198.946991022	1640.91052064	0.0
198.93379217	1640.13696107	0.0
198.924835259	1639.60998353	0.0
198.915634209	1639.06628236	0.0
198.902603205	1638.29882631	0.0
198.89384466	1637.78381166	0.0
198.876739558	1636.77075014	0.0
198.867981011	1636.25207338	0.0
198.856948908	1635.59875307	0.0
198.84596258	1634.94628725	0.0
198.836914117	1634.41259584	0.0
198.828109797	1633.89489564	0.0
198.818038995	1633.30187807	0.0
198.811676081	1632.92187318	0.0
198.804840144	1632.51330385	0.0
198.782836969	1631.21655092	0.0
198.77098089	1630.61816225	0.0
198.7534638	1629.81420717	0.0
198.742309626	1629.22973451	0.0
198.729370171	1628.50585755	0.0
198.719909722	1627.98461733	0.0
198.710571344	1627.605589	0.0
198.696395928	1626.96557436	0.0
198.689178521	1626.62353334	0.0
198.677124078	1626.04540834	0.0
198.668777522	1625.55285463	0.0
